	Rp_01.1	Rp_02.1	Rp_03.2	Rp_04.1	Rp_05.1	Rp_06.1	Rp_01.6	Rp_02.6	Rp_03.6	Rp_05.4	Rp_05.5	Rp_05.6	Rp_06.6	Rp_01.4	Rp_01.5	Rp_02.4	Rp_02.5	Rp_03.4	Rp_03.5	Rp_04.4	Rp_04.5	Rp_06.4	Rp_06.5	Rp_04.6
ASV_43	0.001462516	0.002511833	0.001361661	0.001590205	0.001203494	0.002006501	0.00233381	0.000557289	0.000833565	0.001322401	0.000692782	0.000296384	0.002213205	0.000575175	0.001206008	0.000792833	0.000611662	0.001356064	0.000338891	0.000493621	0.001166781	0.001453488	0.000340855	0.000140667
ASV_47	0.001322721	0.002248606	0.001063617	0.001662369	0.001162279	0.002253027	0.001053979	0.001448952	0.001166991	0.001851362	0.000944703	0.000169362	0.002827985	0.000690211	0.000438548	0.001347816	0.0010874	0.000678032	0.000813339	0.000797388	0.001372684	0	0.000409026	7.03E-05
ASV_72	0.001103557	0.001677837	0.000638511	0.001386022	0.001093001	0.001318494	0.001129263	0.000780205	0.000388997	0.001675042	0.000377881	0.000169362	0.001721382	0.000632693	0.00038373	0.0004757	0.000407775	0.000387447	0.000610004	0.000379708	0.000686342	0	0	0
ASV_89	0.007274135	0.005994036	0.003802149	0.007673306	0.006572385	0.011071783	0.009335241	0.002284886	0.002111698	0.002380323	0.003211991	0.000973834	0.002582073	0.002185667	0.006030041	0.002219932	0.001495175	0.00232468	0.00305002	0.001139125	0.004461222	0.01130491	0.005930875	0.001406668
ASV_96	0.006309004	0.00492562	0.003122922	0.007260363	0.00612145	0.010007865	0.008808251	0.003399465	0.00222284	0.001939522	0.003023051	0.000508087	0.001844338	0.001380421	0.005317399	0.001902799	0.001563137	0.00232468	0.003388911	0.001898542	0.004667124	0.009205426	0.004567455	0.000844001
ASV_109	0.006641499	0.005303324	0.002444782	0.004713275	0.004808657	0.007513225	0.003463073	0.002786447	0.001166991	0.002292163	0.002582189	0.000423406	0.001967294	0.001668009	0.005810766	0.002219932	0.001223325	0.002518404	0.003998916	0.001594775	0.005147563	0.010497416	0.005521849	0.001406668
ASV_119	0.004973408	0.003726224	0.0024677	0.005395651	0.004368081	0.008415932	0.008883535	0.003956754	0.002111698	0.002336243	0.00289709	0.000635109	0.00209025	0.000977798	0.004111391	0.000951399	0.00081555	0.001356064	0.002846686	0.001177096	0.00377488	0.00629845	0.004976481	0.001266001
ASV_126	0.004605208	0.003645681	0.002690108	0.00546152	0.004566871	0.006633187	0.008130693	0.002786447	0.001389275	0.002424403	0.001826427	0.00071979	0.002582073	0.000747728	0.002686109	0.001664949	0.000679625	0.001065478	0.00230446	0.001328979	0.003157172	0.006136951	0.003953916	0.001336334
ASV_130	0.003873921	0.003870325	0.002789957	0.005697105	0.004051305	0.007127048	0.008130693	0.001671868	0.000944707	0.001057921	0.001952387	0.000762131	0.00147547	0.001495456	0.003563206	0.001189249	0.001223325	0.001937234	0.001830012	0.001025213	0.001784489	0.007428941	0.003340378	0.001055001
ASV_140	0.004649591	0.004007869	0.004675071	0.006263627	0.004223178	0.005461304	0.001204547	0.001950513	0.002167269	0.001851362	0.00289709	0.001862986	0	0.001035316	0.002137923	0.001189249	0	0.000968617	0.002168903	0.000797388	0.00247083	0	0.005385507	0
ASV_145	0.000264173	0.000312769	0.000293543	0.000298202	0.000222409	0.000311958	0	0	0.000333426	0	0	0.000338725	0	0	0	0	6.80E-05	0	0	3.80E-05	0	0	0	7.03E-05
ASV_148	0.003860888	0.003098463	0.001913827	0.003749856	0.003220137	0.005610817	0.005269894	0.002452073	0.001333704	0.001102001	0.001952387	0.000296384	0.001229559	0.001092833	0.003124657	0.000951399	0.0005437	0.001356064	0.002575573	0.000835358	0.003225806	0.005490956	0.003135865	0.000492334
ASV_157	0.004001887	0.003560392	0.003584035	0.005307455	0.004406936	0.004031072	0.000526989	0.004012483	0.002667408	0.002336243	0.00289709	0.001608942	0	0.000402623	0.001754194	0.001189249	0	0.000678032	0.000745561	0.001442892	0.002196294	0	0.003681233	0
ASV_159	0.002747773	0.002800974	0.00195775	0.003628416	0.003385271	0.005435166	0.005796883	0.002563531	0.001278133	0.001586882	0.001511525	0.000508087	0.000983647	0.000517658	0.002083105	0.001664949	0.00081555	0.001259202	0.001558899	0.001063183	0.002882636	0.004844961	0.003135865	0.000773667
ASV_160	0.003350104	0.002804334	0.001938039	0.004184759	0.002995965	0.006162957	0.005721599	0.000891663	0.000833565	0.000749361	0.001763446	0.00071979	0.001352514	0.00046014	0.003343932	0.001268532	0.000679625	0.000678032	0.001965569	0.000493621	0.001578586	0.005813953	0.003067694	0.000984667
ASV_161	0.000223147	0.000354501	0.00024662	0.000288138	0.000149816	9.54E-05	0	0	0.000500139	0	0	0.000338725	0	0	0	0	0	0	0	0.000151883	0	0	0	0.000351667
ASV_167	0.004167822	0.003780347	0.003264779	0.003790615	0.00299962	0.003563335	0.001580968	0.001003121	0	0.001675042	0.002204308	0.001058515	0	0.000575175	0.002795746	0.001030683	0.004825336	0.001356064	0.001694456	0.000759417	0.003431709	0	0.004567455	0.001266001
ASV_188	0.004212404	0.003201674	0.003124009	0.003477883	0.002675405	0.003061042	0.001279831	0.001393223	0	0.002732963	0.002393249	0.000550428	0	0.000575175	0.002083105	0.001030683	0.003873862	0.00174351	0.001287786	0.001442892	0.002882636	0	0.004022087	0.000562667
ASV_191	0.002583851	0.003129234	0.002695903	0.004187716	0.003657517	0.002948934	0.000526989	0.00261926	0.002111698	0.002732963	0.001322585	0.001016174	0	0.00023007	0.001644557	0.001664949	0	0.000871755	0.001491121	0.001177096	0.001990391	0	0.001976958	0
ASV_196	0.002524334	0.002604064	0.003478186	0.004548324	0.003338574	0.003107272	0.000526989	0.001671868	0.001778272	0.001454642	0.001196624	0.001016174	0	0.00046014	0.001918649	0.001189249	0	0.000968617	0.001355565	0.000949271	0.001853123	0	0.002863181	0
ASV_197	0.002689041	0.002453671	0.001509933	0.002532558	0.002152234	0.004473941	0.003086652	0.000947392	0.000333426	0.000573041	0.000692782	0.000508087	0.000983647	0.000575175	0.002083105	0.000792833	0.000339812	0.001065478	0.001287786	0.000493621	0.001304049	0.005329457	0.003135865	0.001055001
ASV_198	0.002898203	0.002281136	0.004339312	0.003109374	0.003919598	0.002623423	0	0	0	0.002997443	0	0	0	0.004486368	0	0	0	0.005327392	0	0.000607533	0	0	0.001227078	0
ASV_201	5.85504E-05	1.41E-04	1.23E-04	2.86E-04	7.61935E-05	1.07E-04	0	0	0.000111142	0	0	4.23E-05	0	0	0	0	0.000203887	0	0	0	0	0	0	0.000351667
ASV_204	0.000189825	0.000278835	9.83479E-05	2.61E-04	0.000193886	4.76768E-05	0	0	0.000166713	0	0	0.000254044	0	0	0	0	0.000475737	0	0	7.59E-05	0	0	0	0.000351667
ASV_205	0.00387583	0.003157804	0.00326628	0.002653913	0.002493007	0.00236161	0	0.000668747	0	0.001807282	0.001700466	0.002328732	0.003319808	0.00281836	0.001863831	0.0004757	0	0	0.001694456	0.000721446	0.003294441	0	0.003681233	0.003516669
ASV_206	0.00010044	0.000386379	1.45E-04	0.000178576	0.000151588	0.000126861	0	0	0.000166713	0	0	0.000296384	0	0	0	0	6.80E-05	0	0	0.000113913	0	0	0	0.000211
ASV_208	0.003142066	0.002634194	0.002880596	0.003695284	0.003311189	0.003522272	0.002936084	0.001839055	0.001778272	0.002909283	0.002141328	0.000889152	0.002582073	0	0.001534919	0.000951399	0	0.001549787	0.001830012	0.000987242	0.003157172	0.005490956	0.003749404	0
ASV_218	0.003713506	0.002958217	0.00241907	0.002985464	0.003622759	0.002049897	0	0.002563531	0	0.002997443	0.002645169	0.001312558	0.004918234	0.001898079	0.001699375	0.001189249	0	0	0.001016673	0.001480863	0.002402196	0	0.003204036	0.003165002
ASV_223	0.002609688	0.001476029	0.003989843	0.002752628	0.004631733	0.002564394	0	0	0	0.005377766	0	0	0	0	0	0	0	0.003487021	0	0.001328979	0	0	0.001227078	0
ASV_226	0.00145649	0.001731624	0.002139443	0.001719583	0.00145854	0.00082966	0	0.000557289	0.000666852	0.00026448	0	0.000635109	0	0.000345105	0	0	0.000339812	0	0.000271113	0.000341738	0.000686342	0	0	0.001055001
ASV_227	0.003187107	0.004937511	0.005213941	0.00437107	0.004629528	0.00384113	0.004742904	0.002340615	0.002834121	0.004231685	0.00283411	0.001227877	0.003319808	0.000402623	0.004221028	0.001030683	0.002650537	0.00058117	0.005151145	0.000683475	0.004392588	0.000807494	0.002045129	0.001688001
ASV_228	0.00268741	0.003146718	0.002317721	0.002846727	0.00240133	0.002138187	0.000752842	0.001393223	0	0.002336243	0.001574506	0.00071979	0	0.00023007	0.001206008	0.002219932	0.004077749	0.00058117	0.001558899	0.001291009	0.001853123	0	0.00279501	0.000492334
ASV_233	0.00281311	0.003085614	0.002176951	0.002961471	0.001983318	0.001964479	0.001053979	0.000780205	0	0.001190161	0.001385565	0.000677449	0	0.000690211	0.001918649	0.000792833	0.003534049	0.000774893	0.001626678	0.000987242	0.002402196	0	0.002522326	0.001055001
ASV_248	0.001419842	0.00152702	0.001444799	0.000900898	0.001143022	0.000529263	0	0.000668747	0.000777994	0.000617121	0	0.000550428	0	0.00046014	0	0	0.000339812	0	0.000542226	0.000683475	0.001029513	0	0	0.001336334
ASV_256	0.001375799	0.001319658	0.00147972	0.001403703	0.001613214	0.000369437	0	0.001950513	0.000889136	0.000528961	0	0.000465746	0	0.00023007	0	0	0.000407775	0	0.000135556	0.000721446	0.000411805	0	0	0.000914334
ASV_257	0.002518023	0.002230163	0.002357143	0.002671709	0.001991325	0.002966565	0.002559663	0.001281765	0.001000278	0.001719122	0.001763446	0.000931493	0.001352514	0	0.001315645	0.000872116	0	0.002130957	0.00115223	0.000569563	0.001304049	0.004521964	0.002999523	0
ASV_260	0.002613798	0.002382221	0.002290509	0.002016359	0.00199184	0.001748668	0	0.001003121	0	0.001190161	0.001952387	0.001566602	0.002459117	0.001668009	0.001699375	0.000317133	0	0	0.001355565	0.001253038	0.001715854	0	0.003613062	0.002883669
ASV_261	0.003120797	0.00270933	0.002266297	0.002902213	0.002539603	0.003114711	0.00090341	0	0.002333982	0.001234241	0.002015367	0	0	0.002243184	0.001754194	0.001030683	0.000747587	0.000678032	0.001084452	0.000759417	0.001372684	0	0.004362942	0.004431003
ASV_275	0.003005897	0.002446189	0.001957543	0.001902222	0.001949606	0.001736486	0	0.000445831	0.001333704	0.001013841	0.001196624	0	0	0.000747728	0.002192742	0.000634266	0	0.00232468	0.002101125	0.000949271	0.002402196	0	0.003749404	0
ASV_276	0.001480879	0.001377618	0.00098648	0.00138917	0.000991893	0.000167926	0	0.000557289	0.00055571	0.00030856	0	0.000592768	0	0.000517658	0	0	0.000475737	0	0.000610004	0.000341738	0.000343171	0	0	0.001195667
ASV_279	0.001966727	0.002638758	0.001698921	0.001704647	0.002438532	0.001307808	0	0.001114579	0	0.002777043	0.001259604	0.001185536	0	0.001610491	0.001809012	0.000951399	0	0	0.002033347	0.001139125	0.001578586	0	0.002726839	0.001899001
ASV_287	0.00230928	0.002025602	0.002127027	0.003032618	0.002358628	0.002621849	0.000752842	0	0.003556543	0.001719122	0.002330268	0	0	0.001150351	0.001096371	0.001427099	0.000611662	0.000774893	0.00115223	0.000759417	0.001990391	0	0.002726839	0.002602335
ASV_296	4.11294E-05	9.57835E-05	0.000202697	0.000199716	0.000110833	9.33E-05	0	0	0.000166713	0	0	0.000127022	0	0.00023007	0	0	0	0	0	0	0	0	0	0.000140667
ASV_302	0.002193699	0.002704286	0.001319032	0.001827313	0.001431734	0.00190853	0	0.000780205	0.001555988	0.001498722	0.001889407	0	0	0.001035316	0.00115119	0.0004757	0	0.00116234	0.001355565	0.001215067	0.002264928	0	0.003204036	0
ASV_303	0.00010919	0.000176139	7.4136E-05	9.85E-05	3.28669E-05	6.03E-05	0	0	0	0	0	0.000127022	0	0	0	0	0	0	0	0.000113913	0	0	0	0.000211
ASV_304	0.001071256	0.001456254	0.001329948	0.001269432	0.001069455	0.000646811	0	0.000390103	0.000500139	0.000573041	0	0.000550428	0	0.000575175	0	0	0.000611662	0	0.000542226	0.000341738	0.00082361	0	0	0.000633
ASV_306	0.001324478	0.000960753	0.0012346	0.000935868	0.000492489	0.000315321	0	0.000334374	0.00055571	0.00026448	0	0.000169362	0	0.000287588	0	0	0.000407775	0	0.000203335	0.000493621	0.000343171	0	0	0.000914334
ASV_325	0.000944154	0.000427004	0.000807995	0.00097724	0.000292257	0.000465586	0	0.000390103	0.000889136	0	0.000377881	0	0	0	0.000274093	0	0.000679625	0	0	0	0	0.000968992	0.000340855	0
ASV_327	0.001771224	0.003058026	0.003631165	0.004368239	0.003789572	0.002746304	0.001882105	0.002507802	0.001500417	0.002688883	0.00270815	0.001058515	0.001106603	0.00023007	0.002740928	0.000396416	0.002378687	9.69E-05	0.003660024	0.000569563	0.002608099	0.000968992	0.000954394	0.002321002
ASV_338	0.001124073	0.000962481	0.001275523	0.001371485	0.001055221	0.000251889	0	0.001337494	0.000500139	0.0004408	0	0.000550428	0	0.000517658	0	0	0.00081555	0	0.000203335	0.000341738	0.000137268	0	0	0.000984667
ASV_343	0.001093919	0.000803908	0.000894133	0.000794799	0.000852307	0.000218304	0	0.000613018	0.000500139	0.00035264	0	0.000635109	0	0.00023007	0	0	0.00027185	0	0.000677782	0.00045565	0.000274537	0	0	0.001125334
ASV_353	0.001872393	0.001399352	0.003620663	0.001994212	0.00260755	0.002168114	0	0	0	0.003129684	0	0	0	0	0	0	0	0.003583882	0	0.000607533	0	0	0.001022565	0
ASV_359	0.00209858	0.001284337	0.003215062	0.002122177	0.003145937	0.001619343	0	0	0	0.003834964	0	0	0	0.001265386	0	0	0	0.002712127	0	0.000987242	0	0	0.000818052	0
ASV_370	0.001000606	0.000838622	0.001310237	0.001058947	0.000632469	0.000344544	0	0.00050156	0.000666852	0.0004408	0	0.000338725	0	0.000575175	0	0	0.000407775	0	0.000338891	0.000417679	0.000205903	0	0	0.001266001
ASV_373	0.001785573	0.002116158	0.001397876	0.00219727	0.00198183	0.001734368	0.000225853	0	0.000722423	0.001190161	0.001700466	0.001524261	0.003319808	0.000345105	0.000931915	0.000872116	0.000951475	0.000484308	0.000745561	0.000417679	0.001441318	0	0.002726839	0.002250668
ASV_374	0.002312169	0.001857581	0.001362955	0.002116777	0.002214873	0.001980647	0	0.001783326	0	0.001763202	0.002141328	0.000804471	0	0	0.001041552	0.000554983	0.001834987	0	0.001626678	0.000759417	0.001235415	0	0.002931352	0
ASV_384	0.003759329	0.0020843	0.002809254	0.003322394	0.002646946	0.001766494	0	0.00105885	0.00277855	0.000705281	0	0	0	0.002243184	0	0.00483628	0	0.003099574	0	0.00136695	0	0	0	0.000633
ASV_385	0.000927984	0.00085835	0.000939557	0.000518039	0.000522041	0.000380622	0	0.000278645	0.000166713	0.00013224	0	0.000211703	0	0.000402623	0	0	0.000339812	0	6.78E-05	0.000607533	0.000617708	0	0	0.001406668
ASV_394	0.001045085	0.00114726	0.00121639	0.001079071	0.000718269	0.000497547	0	0.000334374	0.000500139	0.00013224	0	0.000296384	0	0.000345105	0	0	0.000339812	0	0.000203335	0.000227825	0.000205903	0	0	0.000773667
ASV_396	0.003347205	0.001664863	0.00299074	0.003286124	0.002140397	0.001317948	0	0.001950513	0.003223118	0.001498722	0	0	0	0.000862763	0	0.003805597	0	0.003002712	0	0.001518834	0	0	0	0.001055001
ASV_413	0.001016507	0.001147588	0.000771574	0.000671306	0.000419666	0.000231981	0	0.000111458	0.000388997	0.00030856	0	0.000296384	0	0.000287588	0	0	0.0005437	0	0.000813339	0.000303767	0.000480439	0	0	0.001125334
ASV_414	0.000658078	0.000389056	0.00024512	0.000574657	0.000127923	0.000382869	0	0.000334374	0.000611281	0	0.00012596	0	0	0	0.000219274	0	0.000407775	0	0	0	0	0.000484496	0.00068171	0
ASV_417	0.00302696	0.001575107	0.0024647	0.002336115	0.003532634	0.005905353	0.00090341	0.001616139	0.00277855	0.001190161	0.001763446	0.00143958	0.001229559	0.000690211	0.000328911	0.000396416	0.002786462	0.002615265	0.001694456	0.001139125	0.001098147	0.000645995	0.0021133	0.002391335
ASV_419	0.000796606	0.000844134	0.000744361	0.000846426	0.000606747	0.000167926	0	0.000835934	0.000277855	0.000484881	0	0.000423406	0	0.000402623	0	0	0.000407775	0	0.000338891	0.000227825	0.000205903	0	0	0.001125334
ASV_420	0.000727992	0.000798103	0.000912344	0.001139142	0.001054936	0.000134341	0	0.000668747	0.000388997	0.000573041	0	0	0	0	0	0	0.0005437	0	0	0.000379708	0	0	0	0.000773667
ASV_427	0.001768152	0.001613426	0.001252604	0.001409897	0.0014582	0.001401462	0	0.000278645	0.000388997	0.000881601	0.001259604	0	0	0.001265386	0.001754194	0.0004757	0	0.002518404	0.000813339	0.000835358	0.001509952	0	0.002658668	0
ASV_431	0.00147357	0.002568393	0.002552339	0.002314259	0.00256493	0.001971803	0.002183242	0.001950513	0.001389275	0.002821123	0.002519209	0.000762131	0.001229559	0.000345105	0.001809012	0.0004757	0.001699062	9.69E-05	0.003253355	0.000683475	0.002059025	0.00129199	0.000613539	0.000633
ASV_432	0.001690557	0.001639994	0.001349452	0.002049288	0.001700033	0.001395684	0.000376421	0	0.00111142	0.001719122	0.001070664	0.000973834	0	0.000287588	0.000657823	0.001427099	0.0005437	0.00058117	0.000677782	0.001101154	0.001509952	0	0.002249642	0.002110001
ASV_437	0.000905036	0.001070193	0.000794285	0.000845107	0.000875514	0.000151134	0	0.000613018	0.000611281	0.000661201	0	0.000338725	0	0.000345105	0	0	0.000679625	0	0.000474448	0.000379708	0.000205903	0	0	0.001055001
ASV_441	0.000798887	0.000839898	0.001078827	0.001022968	0.000946105	0	0	0.000613018	0.000444568	0.00035264	0	0.000254044	0	0.00023007	0	0	0.0005437	0	0	0.000113913	0	0	0	0.000773667
ASV_451	0.00195321	0.002101331	0.00134045	0.001158852	0.001212126	0.002166994	0	0	0.000944707	0.000969761	0.001511525	0	0	0.000632693	0.00115119	0.001030683	0	0	0	0.000303767	0.001235415	0	0.002522326	0
ASV_453	0.000559079	0.000272933	2.45E-04	0.000657186	0.00027671	0.000460184	0	0.00050156	0.000500139	0	0.000188941	0	0	0	0.000164456	0	0.000407775	0	0	0	0	0.000645995	0.000272684	0
ASV_460	0.00321148	0.002534533	0.003835363	0.003829957	0.002795274	0.004256038	0.002484379	0	0.002667408	0.002159922	0	0.001820645	0	0	0.002412016	0	0	0	0	0.000873329	0	0	0	0
ASV_461	0.002541865	0.001597049	0.002694609	0.002179391	0.003810419	0.005076468	0.001355116	0.00261926	0.002056127	0.001983602	0.000818743	0.001608942	0.000491823	0.000805246	0	0.00071355	0.002106837	0.001356064	0.000610004	0.001594775	0.001578586	0	0.001363419	0.001547334
ASV_464	0.000668372	0.00095915	0.000866921	0.000587052	0.000578169	0.000100756	0	0.00050156	0.000388997	0.00039672	0	0.000550428	0	0.000517658	0	0	0.00081555	0	6.78E-05	0.000493621	6.86E-05	0	0	0.000773667
ASV_476	0.000653335	0.00080802	0.000941057	0.000807909	0.000616693	0.000117548	0	0.000557289	0.000111142	0.00039672	0	0	0	0	0	0	0.0005437	0	0	0.000531592	0	0	0	0.000281334
ASV_477	0.000791863	0.000693129	0.000836708	0.000569364	0.00065945	0	0	0.000445831	0.000222284	0.00030856	0	0.000296384	0	0.000575175	0	0	0.000407775	0	0	0.000493621	0	0	0	0.000703334
ASV_478	0.001164721	0.002009448	0.002583846	0.003538075	0.005135673	0.004315857	0	0.002674989	0	0.002380323	0	0	0	0	0.001041552	0	0	0.004746222	0	0.001291009	0	0	0	0.003868336
ASV_479	0.001789398	0.001661185	0.001408378	0.001584305	0.00122647	0.002033523	0	0	0.000833565	0.001234241	0.001574506	0	0	0.000690211	0.000822278	0.00071355	0	0	0	0.000645504	0.001098147	0	0.001567932	0
ASV_493	0.000767165	0.000626919	0.000822998	0.000479925	0.000336612	0.000279243	0	0.000222916	5.56E-05	0.0004408	0	0.000169362	0	0.00046014	0	0	0.000407775	0	0.000135556	0.000151883	0.000617708	0	0	0.000562667
ASV_499	0.001073031	0.002240133	0.002213165	0.002667656	0.005876147	0.003825077	0	0.003733839	0	0.002468483	0	0	0	0	0.000986734	0	0	0.003971329	0	0.001518834	0	0	0	0.002180335
ASV_528	0.000832969	0.000618181	0.000626302	0.000443134	0.000412751	0.000151134	0	0.000167187	0.000333426	0.00035264	0	0.000296384	0	0.000345105	0	0	0.000339812	0	0.000203335	0.000265796	0.000274537	0	0	0.000422
ASV_544	0.001916483	0.001530804	0.002012175	0.00148176	0.002772875	0.004991979	0.001505684	0.001003121	0.001222562	0.001366482	0.001700466	0.002201711	0.001352514	0.000862763	0.000109637	0.000317133	0.001563137	0	0.000948895	0.000721446	0.001235415	0.00129199	0.00143159	0.001336334
ASV_549	0.002698757	0.001528916	0.001822981	0.00127716	0.002450718	0.004586193	0.00090341	0.000835934	0.000777994	0.001278321	0.001196624	0.00143958	0.001106603	0.001437939	0.000438548	0.0004757	0.002718499	0	0.001287786	0.001101154	0.001853123	0.001130491	0.001567932	0.001969335
ASV_555	0.00042238	0.000181323	0.00038739	0.000935257	0.000233209	0.000308256	0	0	0.000222284	0	0	0	0	0	0.000109637	0	0.000203887	0	0	0	0	0.000322997	0	0
ASV_558	0.00079176	0.000649049	0.000983479	0.00098069	0.000395486	0	0	0.000390103	0.000277855	0.000573041	0	0.000296384	0	0	0	0	0.000407775	0	0	0.000113913	0	0	0	0.000492334
ASV_561	0.002079361	0.001756208	0.00275783	0.002070026	0.003685297	0.002959171	0	0	0.002111698	0.002027682	0	0.000931493	0	0	0	0	6.80E-05	0	0	0.003037667	0	0	0	0.001688001
ASV_565	0.000373284	2.14E-04	0.004456337	0.000576992	0.003365554	0.004485827	0.000526989	0	0.000333426	0.000617121	0	0	0.00147547	0	0	0	0	0	0	0.000721446	0	0	0	0.000422
ASV_574	0.002565058	0.001253253	0.002527713	0.00327836	0.001800185	0.002665177	0	0.001727597	0	0.001586882	0.004030734	0.00287916	0.00209025	0	0.00115119	0	0	0	0	0.001708688	0	0	0	0
ASV_578	0.002190064	0.002066229	0.002817169	0.003336835	0.002550512	0.003104013	0.001355116	0	0.003000834	0.002512563	0	0.001651283	0	0	0.00115119	0	0	0	0	0.001063183	0	0	0	0
ASV_583	0.00058548	0.000865359	0.000438815	0.000871432	0.000577939	0.000218304	0	0.000947392	0.000388997	0.00035264	0	0	0	0	0	0	6.80E-05	0	0	0.000189854	0	0	0	0.000492334
ASV_584	0.000604397	0.000635169	0.000822998	0.000502079	0.000342728	0	0	0.000111458	0.000277855	0.00030856	0	0.000169362	0	0.000172553	0	0	0.000339812	0	0	0.000265796	0	0	0	0.000562667
ASV_587	0.002336384	0.001759593	0.001863696	0.002530553	0.002042256	0.000978808	0	0.001337494	0.002000556	0.000881601	0	0	0	0.000575175	0	0.004439864	0	0.002034095	0	0.001442892	0	0	0	0.000773667
ASV_588	0.00250597	0.001525619	0.00183519	0.001313549	0.002337534	0.003465768	0.000677558	0.001783326	0.001444846	0.001939522	0.001070664	0.001312558	0.000614779	0.001092833	0	0.00071355	0.002582574	0	0.001084452	0.002050425	0.001715854	0	0.001636103	0.001336334
ASV_589	0.000730929	0.000699422	0.000319256	0.000644273	0.000466363	8.39631E-05	0	0.00105885	5.56E-05	0.00035264	0	0	0	0	0	0	0.000339812	0	0	0.000493621	0	0	0	0.000422
ASV_590	0.00215127	0.001310752	0.002131734	0.001992688	0.001890098	0.000932133	0	0.001003121	0.00111142	0.001013841	0	0	0	0.001092833	0	0.002140649	0	0.001840372	0	0.001025213	0	0	0	0.000984667
ASV_606	0.000443705	0.000235374	0.000242119	0.000687672	0.000108831	0.00032588	0	0	0.000166713	0	0	0	0	0	0.000219274	0	0.001019437	0	0	0	0	0	0	0
ASV_618	0.001607356	0.00150762	0.002083104	0.00218274	0.004155315	0.001999399	0	0	0.002056127	0.002336243	0	0.000635109	0	0	0	0	0.000135925	0	0	0.003986938	0	0	0	0.000703334
ASV_621	0.000838829	0.001355932	0.002014969	0.002322497	0.00403865	0.002611755	0	0.003956754	0	0.003041523	0	0	0	0	0.000822278	0	0	0.003390159	0	0.002050425	0	0	0	0.002110001
ASV_624	0.001574557	0.00116838	0.001641495	0.001490706	0.00268175	0.00392225	0.000978695	0.002061971	0.001278133	0.001807282	0.000881723	0.001227877	0.001352514	0.000402623	0	0.0004757	0.002106837	0	0.000610004	0.001025213	0.001166781	0	0.001772445	0.001336334
ASV_626	0.000360607	0.000162154	0.000314755	0.000531969	0.000233209	7.91842E-05	0	0	5.56E-05	0	0	0	0	0	0.000164456	0	0.000203887	0	0	0	0	0.000322997	0	0
ASV_629	0.000295112	0.000285969	0.004439627	0.000295048	0.003731425	0.003968692	0	0.00050156	0.000777994	0.0004408	0	0.000127022	0.000491823	0	0	0	0	0	0	0.000531592	0	0	0.000340855	0.000422
ASV_633	0.000392329	0.000242287	0.004651326	0.000460107	0.002677866	0.003347271	0.000301137	0	0.000166713	0.0002204	0	8.47E-05	0.000860691	0	0	0	0	0	0	0.001063183	0	0	0	0.000281334
ASV_655	0.001316963	0.001420814	0.002762331	0.002057519	0.003072204	0.002121069	0.002409094	0.000557289	0.002167269	0	0	0.001524261	0	0	0	0.002537065	0	0	0	0.001974484	0	0	0	0.001477001
ASV_658	0.000143929	0.000153354	0	3.53688E-05	0.000114148	0.000229241	0	0	0	0	0	8.47E-05	0	0	5.48E-05	0	0	0	0	0	0	0	0	0
ASV_661	0.000643903	0.000629879	0.000567376	0.000532982	0.000520094	0	0	0.000278645	5.56E-05	0.00026448	0	0.000381065	0	0.00023007	0	0	0.00027185	0	0	0.000113913	0	0	0	0.000633
ASV_663	0.002028927	0.001202092	0.001456802	0.001467122	0.002064259	0.003567942	0.000752842	0.00050156	0.001000278	0.000969761	0.000692782	0.001058515	0.000860691	0.000747728	0.00038373	0.0004757	0.002446649	0.000290585	0.001355565	0.001177096	0.001029513	0	0.001295248	0.001617668
ASV_665	0.001420254	0.001300899	0.001918535	0.001393334	0.002756236	0.003287208	0.001129263	0.000835934	0.001389275	0.001278321	0.001259604	0.001312558	0.000860691	0.000690211	0	0.00023785	0.000611662	0.00174351	0.000948895	0.000873329	0.00082361	0	0.001158907	0.000914334
ASV_666	0.001435213	0.000972904	0.001509933	0.001588171	0.003187785	0.003474873	0.000677558	0.001393223	0.001500417	0.001146081	0.000566822	0.001227877	0.000737735	0.000632693	0	0.000317133	0.001427212	0	0.000406669	0.001480863	0.000686342	0	0.001090736	0.001125334
ASV_669	0.002254221	0.00165048	0.002823171	0.002654441	0.00214228	0.002297132	0.001505684	0	0.001500417	0.002027682	0	0.00071979	0	0	0.000986734	0	0	0	0	0.001746659	0	0	0	0
ASV_674	0.00121901	0.001092881	0.001957543	0.001857813	0.003923474	0.001411149	0.002710231	0.000724476	0.002389553	0	0	0.001481921	0	0	0	0.002537065	0	0	0	0.003721142	0	0	0	0.000633
ASV_692	0.000917944	0.001314103	0.002182952	0.002073285	0.00351616	0.002919181	0	0.001281765	0	0.001675042	0	0	0	0	0.000822278	0	0	0.003293297	0	0.000873329	0	0	0	0.002602335
ASV_705	0.000557765	0.000474576	0.000665724	0.000566619	0.000681113	0	0	0.000278645	0.000111142	8.82E-05	0	0.000127022	0	0.00023007	0	0	0.000407775	0	0	3.80E-05	0	0	0	0.000562667
ASV_707	0.001379236	0.001581683	0.003048579	0.003161302	0.002069631	0.002403877	0.001957389	0	0.001333704	0.001498722	0	0.000889152	0	0	0.00076746	0	0	0	0	0.000721446	0	0	0	0
ASV_708	0.000271506	0.000533253	0.000550666	0.000551378	0.000438813	6.71704E-05	0	0.000668747	0.000166713	0.0002204	0	0	0	0	0	0	0.000135925	0	0	0.000265796	0	0	0	0.001055001
ASV_712	0.001051927	0.001866685	0.001538646	0.002376457	0.002063341	0.001461642	0	0.002006242	0.001500417	0.001278321	0.001637486	0.000169362	0.001352514	0	0	0.001427099	0.001291287	0.002615265	0	0.000835358	0	0	0	0
ASV_713	0.000546734	0.000648659	0.000449317	0.000388352	0.000336612	0.000117548	0	0.000334374	0.000111142	0.00039672	0	0	0	0	0	0	6.80E-05	0	0	0.00045565	0	0	0	0.000633
ASV_724	0.001583909	0.000961268	0.001993758	0.002319957	0.002759376	0.001555425	0	0	0.002167269	0	0	0.00143958	0	0	0	0	0.001427212	0	0	0.003759113	0	0	0	0.000773667
ASV_738	0.000344912	0.000195308	0.003772403	0.000183757	0.002138451	0.002493697	0	0.000167187	0.000111142	0.000617121	0	0.000211703	0.000368868	0	0	0	0	0	0	0.001594775	0	0	0.000409026	0.000492334
ASV_740	0.00026179	0.000109831	0.004062946	0.000264558	0.002552689	0.003933785	0.000376421	0	0.000277855	0.0002204	0	8.47E-05	0.000614779	0	0	0	0	0	0	0.000265796	0	0	0	0.000422
ASV_743	0.00123111	0.000905488	0.001692713	0.00163655	0.003169895	0.001578073	0	0	0.00166713	0	0	0.001397239	0	0	0	0	0.001427212	0	0	0.004366646	0	0	0	0.000633
ASV_751	0.001498276	0.000985391	0.001275523	0.001339156	0.001818478	0.003166542	0.001129263	0.001114579	0.001166991	0.000793441	0.000566822	0.000931493	0.000860691	0.000920281	0.000328911	0.000317133	0.001699062	0	0.001220008	0.000987242	0.001235415	0	0.001295248	0.000984667
ASV_752	0.001992747	0.000871651	0.001599073	0.000754856	0.001858829	0.002952639	0.000451705	0.001114579	0.000944707	0.000837521	0.000503842	0.001100855	0.000860691	0.001035316	0.000109637	0.00023785	0.002106837	0	0.000406669	0.000721446	0.001235415	0.001453488	0.001976958	0.002180335
ASV_761	0.000507964	0.000596113	0.000472029	0.000315581	0.000309063	0	0	0.000278645	0.000166713	8.82E-05	0	0.000169362	0	0.000115035	0	0	0.00027185	0	0	0.000189854	0	0	0	0.000562667
ASV_772	0.001419676	0.001249788	0.001639995	0.001093712	0.001882605	0.002549446	0.000752842	0.001114579	0.001278133	0.001454642	0.000377881	0.000635109	0.000368868	0.000402623	0	0.000554983	0.001834987	0	0.000610004	0.002126367	0.001509952	0	0.001158907	0.000140667
ASV_786	0.000452558	0.000195308	0.000145271	0.000271877	6.21891E-05	8.1262E-05	0	0	5.56E-05	0	0	0	0	0	0.000274093	0	6.80E-05	0	0	0	0	0.000322997	0	0
ASV_805	0.001428695	0.001073092	0.001514434	0.000813195	0.002263921	0.002441415	0.000301137	0.000668747	0.000388997	0.000925681	0.000629802	0.001185536	0.000491823	0.000632693	0	0.00023785	0.002310724	0	0.001423343	0.000949271	0.000960879	0.000645995	0.000749881	0.001406668
ASV_822	0.001193781	0.001083515	0.001715631	0.00106078	0.00172513	0.002917429	0.000526989	0.001226037	0.000611281	0.001498722	0.000944703	0.000762131	0.000368868	0.000402623	0	0.0004757	0.001427212	0	0.000542226	0.0009113	0.000205903	0	0.001022565	0.001125334
ASV_827	0.000170884	0.000129	0.000169483	0.000450862	9.32836E-05	0.000163356	0	0	0	0	0	0	0	0	0.000109637	0	0.00027185	0	0	0	0	0	0	0
ASV_830	0.000857437	0.001055651	0.002124026	0.001551275	0.002904555	0.00164109	0	0	0.001500417	0.001895442	0	0.000550428	0	0	0	0	6.80E-05	0	0	0.002847813	0	0	0	0.000703334
ASV_838	9.33924E-05	0.000226734	0.003032956	0.000181012	2.30E-03	0.00285184	0.000451705	0	0.000222284	0.00030856	0	0	0.000737735	0	0	0.000396416	0	0	0	0.000873329	0	0	6.82E-05	0.000422
ASV_844	0.00011147	0.000211969	3.70E-03	0.000228884	0.002211099	0.002709188	0	0.000334374	0.000333426	0.00013224	0	0.000169362	0	0	0	0	0	0	0	0.000417679	0.000137268	0	0	0.000492334
ASV_847	0.000385281	5.57795E-05	0.002934608	9.53347E-05	0.00232702	0.003010795	0	0.00050156	0.000666852	0.000528961	0	4.23E-05	0.000245912	0	0	0	0	0	0	0.000645504	0	0	0.000136342	0.000422
ASV_849	0.000280074	0.000162154	0.003633339	0.000151844	0.00155794	0.002706036	0.000301137	0	0.000166713	0.0004408	0	0.000169362	0.000491823	0	0	0	0	0	0	0.000683475	0	0	0	0.000351667
ASV_850	0.000226473	0.000862948	0.001013693	0.000512848	0	0.00151606	0	0	0	0	0	0.000973834	0	0	0	0	0	0	0	0	0	0	0	0
ASV_852	0.001193702	0.001148555	0.002422071	0.001557987	0.002199161	0.001769745	0	0	0.00111142	0.001057921	0	0.000846812	0	0	0	0	0.000203887	0	0	0.002582017	0	0	0	0.000422
ASV_853	0.001170255	0.000887099	0.00147822	0.001174812	0.001807669	0.002561628	0.000978695	0.000724476	0.000666852	0.001057921	0.000881723	0.00071979	0.000491823	0.001092833	0	0.00023785	0.001495175	0	0.000474448	0.000645504	0.000960879	0.000322997	0.001704274	0.000984667
ASV_874	0.000982782	0.001625223	0.001311324	0.002672711	0.001758116	0.001875544	0.001580968	0	0	0.002071762	0	0	0	0	0	0	0	0	0	0.000797388	0	0	0	0.001617668
ASV_881	0.000418104	0.000846002	0.000656515	0.00044211	0	0.001299456	0	0	0	0	0	0.000931493	0	0	0	0	0	0	0	0	0	0	0	0
ASV_888	0.000300536	0.000123816	9.68476E-05	0.000250025	9.32836E-05	0.00014594	0	0	0	0	0	0	0	0	0.000164456	0	6.80E-05	0	0	0	0	0.000484496	0	0
ASV_904	0.000389161	0.000768406	0.000322256	0.000322491	0.000122036	0.00E+00	0	5.57E-05	0.000111142	0.0002204	0	0.000254044	0	0.000172553	0	0	0	0	0	0.000265796	0	0	0	0.000633
ASV_919	0.000374987	0.000108103	7.26357E-05	0.000365182	0.000124378	0.000146563	0	0	0.000111142	0	0	0	0	0	0.000164456	0	6.80E-05	0	0	0	0	0.000322997	0	0
ASV_929	0.000513492	0.000440146	0.000515952	0.000222992	0.000296601	0	0	0.000222916	0.000111142	0.00017632	0	0.000211703	0	0.000287588	0	0	0.000203887	0	0	7.59E-05	0	0	0	0.000351667
ASV_935	0.000184298	0.000219662	0.002565428	0.000111291	0.001615326	0.00166096	0	0.000445831	0.000222284	0.000484881	0	0.000211703	0.000368868	0	0	0	0	0	0	0.001101154	0	0	0.000204513	0.000281334
ASV_955	0.000720659	0.000920686	0.001508226	0.00125866	0.002712441	0.001266079	0.000828126	0.000724476	0.001500417	0	0	0.000889152	0	0	0	0.001823515	0	0	0	0.002506075	0	0	0	0.000984667
ASV_960	0.001223271	0.001061686	0.001208475	0.002552376	0.00164036	0.001326902	0.001279831	0	0	0.002424403	0	0	0	0	0	0	0	0	0	0.001632746	0	0	0	0.000914334
ASV_964	0.000867629	0.000333382	0.001798769	0.001205607	0.002418411	0.001410562	0	0.000891663	0.002333982	0	0	0.000677449	0	0.001610491	0	0	0	0	0	0.002468104	0	0	0	0.001125334
ASV_966	0.000983209	0.000678365	0.001868404	0.001270761	0.001972114	0.001680793	0	0.000222916	0.002389553	0	0	0.000508087	0	0.001725526	0	0	0	0	0	0.001632746	0	0	0	0.000773667
ASV_967	0.000624147	0.000675688	0.001609575	0.001477487	0.002076601	0.001592298	0.001731537	0.000445831	0.001166991	0	0	0.001143196	0	0	0	0.001902799	0	0	0	0.002468104	0	0	0	0.000773667
ASV_968	0.001463458	0.000845863	0.001508433	0.000639089	0.001096435	0.002445781	0.000526989	0.000557289	0.000944707	0.000528961	0.000692782	0.001185536	0.000245912	0.000805246	0	0.00023785	0.00135925	0.000193723	0.000948895	0.001063183	0.000343171	0	0.00068171	0.000633
ASV_979	0.001768128	0.000168551	0.000848504	0.002077039	0.001278264	0.001309726	0	0	0.002500695	0	0	0	0	0	0	0	0	0	0	0.001139125	0	0	0.000886223	0
ASV_999	0.000253903	0.000149897	0.002690989	0.000309991	0.002144337	0.002431647	0.000301137	0	0.000333426	0.00035264	0	0.000211703	0.000737735	0	0	0	0	0	0	0.000417679	0	0	0	0.000633
ASV_1021	0.000174788	1.22E-04	0.002415656	0.000128975	0.001795437	0.002444321	0	0.000835934	5.56E-05	0.00030856	0	0.000127022	0.000491823	0	0	0	0	0	0	0.000873329	0	0	0.000477197	0.000140667
ASV_1024	0.000263413	0.000217933	0.00282105	0.000139039	0.001873918	0.002369842	0.000150568	0	0.000333426	0.00013224	0	4.23E-05	0.000614779	0	0	0	0	0	0	0.000531592	0	0	0	0.000633
ASV_1037	0.001680802	0.001886111	0.000363179	0.001405022	0.001420292	0.001200024	0	0	0	0	0	0	0	0	0	0	0	0	0	0	0	0	0	0
ASV_1044	0.000189065	0.000343477	0.0029284	0.000163331	0.000995089	0.002099156	0.000225853	0	5.56E-05	8.82E-05	0	4.23E-05	0.000368868	0	0	0	0	0	0	0.000797388	0	0	0	0.000422
ASV_1046	0.000214294	0.000261784	0.003317291	0.000140462	0.001708784	0.002086935	0	0.000111458	0.000277855	0.00013224	0	8.47E-05	0	0	0	0	0	0	0	0.000759417	0.000480439	0	0	0.000140667
ASV_1052	0.001229304	0.000749034	0.001589864	0.001423723	0.002293124	0.000784532	0	0	0.000833565	0	0	0.001312558	0	0	0	0	0.000407775	0	0	0.002354192	0	0	0	0.000562667
ASV_1072	0.000279314	0.000211021	0.00212532	0.000132432	0.001661399	0.002090636	0	0.000222916	0.000388997	0.000528961	0	8.47E-05	0.000737735	0	0	0	0	0	0	0.000683475	0	0	0.000340855	0.000633
ASV_1074	0.000968251	0.000618465	0.000987774	0.001304204	0.002474548	0.001216324	0	0	0.000611281	0	0	0.000762131	0	0	0	0	0.00081555	0	0	0.00315158	0	0	0	0.000492334
ASV_1084	0.000818113	0.000681032	0.000948558	0.000892573	0.001731017	0.001953503	0.000150568	0.000891663	0.00055571	0.001190161	0.000692782	0.000846812	0.000491823	0.000172553	0	0.00023785	0.001223325	0	0.000203335	0.000949271	0.000549073	0	0.000613539	0.000984667
ASV_1094	0.000134419	0.000308142	0.002730411	0.000158146	0.001797724	0.002164588	0	0	0.000277855	0.00013224	0	0.000211703	0	0	0	0	0	0	0	0.000797388	0.000205903	0	0	0.000351667
ASV_1102	0.000191631	0.000648428	0.000880424	0.000477479	0	0.001083853	0	0	0	0	0	0.000889152	0	0	0	0	0	0	0	0	0	0	0	0
ASV_1112	0.000740329	0.001280169	0.000944264	0.001275648	0.00182025	0.000833906	0	0.001393223	0	0.000925681	0	0	0	0.002243184	0	0	0	0	0	0.000949271	0	0	0	0
ASV_1137	0.000891416	0.000398394	0.0014508	0.000803634	0.001851226	0.001459865	0	0	0.001500417	0	0	0.001016174	0	0	0	0.000872116	0	0	0	0.001860571	0	0	0	0.001477001
ASV_1169	0.00130895	0.001623954	0.001223891	0.000866651	0.00093582	0.001211825	0.00233381	0	0	0	0	0	0	0.002070632	0	0.000872116	0	0	0	0.001025213	0	0	0	0
ASV_1177	0.001532327	0.000183874	0.001352453	0.001189349	0.001218811	0.001641844	0	0	0.001944985	0	0	0	0	0	0	0	0	0.001937234	0.000948895	0.001328979	0	0	0	0
ASV_1178	0.001068185	0.001050022	0.000745655	0.001455423	0.001574057	0.000904706	0.000752842	0	0	0.002600723	0	0	0	0	0	0	0	0	0	0.001518834	0	0	0	0.000914334
ASV_1185	0.000134419	0.000194918	2.58E-03	5.30532E-05	0.001719584	0.001705691	0	0.000222916	0.000277855	8.82E-05	0	4.23E-05	0	0	0	0	0	0	0	0.0009113	0.000274537	0	0	0.000281334
ASV_1274	0.000175548	0.000285969	0.002580432	5.65096E-05	0.001122497	0.001435251	0	0.000111458	0.000277855	0.00017632	0	0.000338725	0	0	0	0	0	0	0	0.001215067	0	0	0.000204513	0.000211
ASV_1315	0.001659722	0.000398394	0.000771367	0.001922651	0.000811038	0.000953998	0	0	0	0	0	0	0	0	0	0	0	0	0	0.001291009	0	0	0.000818052	0
ASV_1332	0.000182778	0.000122087	0.002035974	0.000240266	0.00100418	0.001283871	0	0.000222916	0.000166713	0.00039672	0	8.47E-05	0.000614779	0	0	0	0	0	0	0.000417679	0	0	0.000136342	0.000422
ASV_1369	0.000719218	0.000662316	0.000877423	0.000858218	0.000851334	0.001517138	0.000451705	0.000390103	0.00055571	0.0002204	0.000314901	0.00071979	0.000368868	0.000575175	0	0.00071355	0.000747587	0	0.000474448	0.000987242	0.000686342	0	0.000340855	0.001195667
ASV_1382	0.002080963	0.000337103	0.000532662	0.001458478	0.001331591	0.001232154	0	0	0	0	0	0	0	0	0	0	0	0	0	0	0	0	0	0.000703334
ASV_1417	0.000943703	0.001056431	0.001154256	0.000755363	0.000877176	0.000951624	0.001505684	0	0	0	0	0	0	0.002013114	0	0.001427099	0	0	0	0.001632746	0	0	0	0
ASV_1437	0.000625643	0.000302673	0.001417587	0.001079786	0.001318385	0.000982511	0	0.00050156	0.00166713	0	0	0.000508087	0	0.001668009	0	0	0	0	0	0.001101154	0	0	0	0.000140667
ASV_1441	0.0002199	0.000158698	0.002215959	0.000114747	0.000841563	0.001356615	7.53E-05	0	0.000111142	0.0002204	0	4.23E-05	0	0	0	0	0	0	0	0.000607533	0	0	0	0.000140667
ASV_1493	7.98753E-05	0.000102528	2.20E-03	7.90732E-05	0.001020471	0.00192167	0	0.000111458	0.000277855	0.00017632	0	0.000127022	0	0	0	0	0	0	0	0.000341738	0.000137268	0	0	0.000422
ASV_1508	0	0.000245166	0	0.001737684	0.001558344	4.85084E-05	0	0	0	0	0	0	0	0	0	0	0	0	0	0	0	0	0	0
ASV_1529	0.000192969	2.63E-04	0.001883201	0.000192092	0.000796519	0.001437916	0	0	5.56E-05	0.00030856	0	8.47E-05	0.001106603	0	0	0	0	0	0	0.000303767	0	0	0	0.000422
ASV_1561	0.00081455	0.000919411	0.001574861	0.000318319	0.000419776	0.001292601	0	0	0	0	0	0	0	0	0	0	0	0	0	0.002164338	0	0	0	0.000633
ASV_1603	0.000136802	0.000113225	0.002403653	3.95366E-05	1.23E-03	0.001364679	0	0.000167187	0.000166713	8.82E-05	0	0.000127022	0	0	0	0	0	0	0	0.000265796	6.86E-05	0	0	0.000140667
ASV_1627	0.0003496	0.000933068	0.000847417	0.000896953	0.001495696	0.000602965	0	0.000780205	0	0.000925681	0	0	0	0.001265386	0	0	0	0	0	0.000493621	0	0	0	0
ASV_1698	0.000931737	0.000134184	0	0.00070444	0.000541583	0.001737486	0	0	0	0	0	0	0	0	0	0	0	0	0	0	0	0	0.000886223	0
ASV_1714	0.00113109	0.001206901	0.000591381	0.00066043	0.000510323	0	0	0	0	0	0	0	0	0	0	0	0	0	0	0.000873329	0	0	0.000272684	0
ASV_1721	0	0.00097763	0.00089584	0.000874088	0.002472968	0.000388235	0	0	0	0	0	0	0	0	0	0	0	0	0	0	0	0	0	0
ASV_1769	7.59714E-05	0.000122087	0.001645789	0.00014463	0.000875339	0.001345639	0	0	0.000388997	0.000617121	0	0	0.000491823	0	0	7.93E-05	0	0	0	0.000303767	0	0	0.000204513	0.000211
ASV_1787	0.001169567	0.000692774	0	0.00078992	0.001265453	0.000790806	0	0	0	0	0	0	0	0	0	0	0	0	0	0	0	0	0	0
ASV_1794	7.74917E-05	0.00020043	0.001644289	3.53688E-05	0.000965252	0.001567233	0	0.000111458	0	0.00017632	0	0.000338725	0	0	0	0	0	0	0	0.000151883	0	0	0	0.000422
ASV_1800	0	0	0.000823205	0.000791644	0.000411603	0.000380166	0	0	0	0	0	0	0	0	0	0	0	0	0	0	0	0	0	0
ASV_1814	0.000109087	0.000575076	0.000314755	0.001212825	0.000108317	0.001405237	0	0	0	0	0	0	0	0	0	0	0	0	0	0	0	0	0	0
ASV_1963	9.96798E-05	1.22E-04	0.001429383	7.90732E-05	0.000871969	0.001094203	0.000376421	0	0.000222284	0.000617121	0	0	0.000491823	0	0	7.93E-05	0	0	0	0.000265796	0	0	0	0.000140667
ASV_1984	0.001194717	0	0	0.000881295	0.001148045	0.000818987	0	0	0	0	0	0	0	0	0	0	0	0	0	0	0	0	0	0
ASV_2001	0.000272717	0.00072843	0.001198179	0.00084256	0	0.001691051	0	0	0	0	0	0	0	0	0	0	0	0	0	0	0	0	0	0
ASV_2108	0.000976495	9.19371E-05	0	0.000131113	0.000173196	0.001287895	0	0	0	0	0	0	0	0	0	0	0	0	0	0	0	0	0	0
ASV_2244	0.000175548	9.06616E-05	0.001601866	0.00011861	0.00067271	0.001238482	0	0.000111458	0.000111142	0.00013224	0	4.23E-05	0	0	0	0	0	0	0	0.000113913	0.000137268	0	0	0.000140667
ASV_3126	0.000786566	0.000183874	0	0.000131113	0.000190516	0.001212035	0	0	0	0	0	0	0	0	0	0	0	0	0	0	0	0	0	0
ASV_3231	0.000145449	0.000824276	0.000385683	0.000674763	6.49899E-05	4.85084E-05	0	0	0	0	0	0	0	0	0	0	0	0	0	0	0	0	0	0
ASV_3319	3.63623E-05	0.000536738	0.000591381	0.000392211	0.00019497	0.00099955	0	0	0	0	0	0	0	0	0	0	0	0	0	0	0	0	0	0
ASV_4212	0.000636278	0.000275811	0.000874216	0.000465902	0	0.000840812	0	0	0	0	0	0	0	0	0	0	0	0	0	0	0	0	0	0
ASV_4729	3.4842E-05	1.91692E-05	0	0.000692343	0.000476593	0.000969708	0	0	0	0	0	0	0	0	0	0	0	0	0	0	0	0	0	0
ASV_5074	0.000333754	0.000356682	2.45E-04	0.000485825	0.000164619	0.000586873	0.000828126	0	0	0.00026448	0	0	0	0	0.000219274	0	0	0	0	0	0	0	0	0
ASV_5265	0.000537073	4.98149E-05	4.96E-04	0.000295048	8.65981E-05	0.000346166	0	0.00050156	0	0	0	0	0	0	0	0	0	0	0	0	0	0	0	0
ASV_5266	0.000502231	0.000341074	0.000290543	0.000240266	0.000103918	0.000342842	0	0.000278645	0	0	0	0	0	0	0	0	0	0	0	0	0	0	0	0
ASV_5816	0.000362966	0.000176307	0.000145271	0.00056377	0.00018834	0.000380998	0	0	0	0.000528961	0.000188941	0	0	0	0	0	0	0	0	0	0	0	0	0
ASV_6192	0.000357542	3.06457E-05	2.68E-04	3.36E-04	0.00025939	0.000232359	0	0.000278645	0	0	0	0	0	0	0	0	0	0	0	0	0	0	0	0
ASV_6639	0.000169364	0.000269866	2.91E-04	0.000171257	0.000291054	5.04E-04	0	0	0	0.0004408	0	0	0	0	0.000328911	0	0	0	0	0	0	0	0	0
ASV_7431	0.000381804	0.000153681	0.000145271	0.000284078	0.000375311	1.47148E-05	7.53E-05	0	0	0	0	0	0	0	0	0	0	0	0	0	0	0	0	0
ASV_8090	0.00054184	0.000157137	9.68476E-05	0.000277363	0.000141698	0.000222008	0	0	0	0.00013224	0	0	0	0	0	7.93E-05	0	0	0	0	0	0	0	0
ASV_8886	6.9684E-05	0.000194918	1.48E-04	0.000505647	0.000251272	0.0001449	0	0	0	0.000573041	0	0	0	0	0.000164456	0	0	0	0	0	0	0	0	0
ASV_8993	0.000212853	9.19371E-05	0.000290543	0.000203169	0.000210976	0.000192747	0	0.000167187	0	0	0	0	0	0	0	0	0	0	0	0	0	0	0	0
ASV_9666	0.000124988	0.000234532	0.000169483	0.000247589	0.000181939	0.000180941	0	0.00050156	0	0	0	0	0	0	0	0	0	0	0	0	0	0	0	0
ASV_11175	0.000141648	0.000167666	0.000169483	0.000179592	0.000281568	0.000230904	0	5.57E-05	0	0	0	0	0	0	0	0	0	0	0	0	0	0	0	0
ASV_11385	0	0	0	0.000240374	0.000519809	0.000398377	0	0	0	0	0	0	0	0	0	0	0	0	0	0	0	0	0	0
ASV_13515	6.9684E-05	0.000134122	4.99241E-05	1.75E-04	0.000112376	0.000257424	0	0	0	0.00026448	6.30E-05	0	0	0	0	0	0	0	0	0	0	0	0	0
ASV_13807	0.000137666	0.000148169	0.000266331	0.000194126	0.000151643	9.26526E-05	0	0	0	0.00017632	0	0	0	0	0.000109637	0	0	0	0	0	0	0	0	0
ASV_18924	5.2263E-05	0.000188563	0.00012106	4.12648E-05	1.21E-04	0.000117718	0	0.000222916	0	0	0	0	0	0	0	0	0	0	0	0	0	0	0	0
