Rp_01.1	175 46.8860	39 10.5720
Rp_01.2	175 46.8860	39 10.5720
Rp_01.3	175 46.8860	39 10.5720
Rp_01.4	175 46.8840	39 10.5690
Rp_01.5	175 46.8850	39 10.5730
Rp_01.6	175 46.8860	39 10.5720
Rp_02.1	175 46.8910	39 10.5710
Rp_02.2	175 46.8910	39 10.5710
Rp_02.3	175 46.8910	39 10.5710
Rp_02.4	175 46.8890	39 10.5680
Rp_02.5	175 46.8940	39 10.5720
Rp_02.6	175 46.8950	39 10.5700
Rp_03.2	175 46.8980	39 10.5660
Rp_03.3	175 46.8980	39 10.5660
Rp_03.4	175 46.8940	39 10.5660
Rp_03.5	175 46.8960	39 10.5650
Rp_03.6	175 46.8970	39 10.5640
Rp_04.1	175 46.9310	39 10.5440
Rp_04.2	175 46.9310	39 10.5440
Rp_04.3	175 46.9310	39 10.5440
Rp_04.4	175 46.9280	39 10.5430
Rp_04.5	175 46.9280	39 10.5450
Rp_04.6	175 46.9300	39 10.5440
Rp_05.1	175 47.0840	39 10.4170
Rp_05.2	175 47.0840	39 10.4170
Rp_05.3	175 47.0840	39 10.4170
Rp_05.4	175 47.0880	39 10.4200
Rp_05.5	175 47.0860	39 10.4150
Rp_05.6	175 47.0820	39 10.4150
Rp_06.1	175 47.7160	39 9.7850
Rp_06.2	175 47.7160	39 9.7850
Rp_06.3	175 47.7160	39 9.7850
Rp_06.4	175 47.7200	39 9.7840
Rp_06.5	175 47.7210	39 9.7830
Rp_06.6	175 47.7170	39 9.7870
